-14.5189236111111 -167.037847222222
21.4810763888889 -159.037847222222
37.4810763888889 -123.037847222222
38.4810763888889 -121.037847222222
34.4810763888889 -119.037847222222
29.4810763888889 -97.0378472222222
28.4810763888889 -83.0378472222222
31.4810763888889 -97.0378472222222
32.4810763888889 -95.0378472222222
34.4810763888889 -93.0378472222222
33.4810763888889 -87.0378472222222
34.4810763888889 -87.0378472222222
34.4810763888889 -85.0378472222222
35.4810763888889 -85.0378472222222
39.4810763888889 -85.0378472222222
39.4810763888889 -83.0378472222222
31.4810763888889 -81.0378472222222
37.4810763888889 -81.0378472222222
49.4810763888889 -97.0378472222222
42.4810763888889 -89.0378472222222
40.4810763888889 -87.0378472222222
42.4810763888889 -85.0378472222222
41.4810763888889 -81.0378472222222
-82.5189236111111 -73.0378472222222
38.4810763888889 -77.0378472222222
39.4810763888889 -77.0378472222222
39.4810763888889 -75.0378472222222
40.4810763888889 -79.0378472222222
40.4810763888889 -75.0378472222222
40.4810763888889 -73.0378472222222
41.4810763888889 -73.0378472222222
42.4810763888889 -71.0378472222222
44.4810763888889 -67.0378472222222
80.4810763888889 -35.0378472222222
36.4810763888889 -5.03784722222224
43.4810763888889 -3.03784722222224
57.4810763888889 -5.03784722222224
50.4810763888889 -3.03784722222224
51.4810763888889 -3.03784722222224
52.4810763888889 -3.03784722222224
53.4810763888889 -3.03784722222224
51.4810763888889 -1.03784722222224
-34.5189236111111 18.9621527777778
36.4810763888889 2.96215277777776
46.4810763888889 6.96215277777776
45.4810763888889 8.96215277777776
48.4810763888889 8.96215277777776
49.4810763888889 8.96215277777776
44.4810763888889 10.9621527777778
47.4810763888889 10.9621527777778
48.4810763888889 10.9621527777778
49.4810763888889 10.9621527777778
41.4810763888889 12.9621527777778
43.4810763888889 12.9621527777778
48.4810763888889 12.9621527777778
48.4810763888889 14.9621527777778
48.4810763888889 16.9621527777778
52.4810763888889 0.96215277777776
51.4810763888889 4.96215277777776
52.4810763888889 4.96215277777776
50.4810763888889 6.96215277777776
51.4810763888889 6.96215277777776
52.4810763888889 6.96215277777776
53.4810763888889 6.96215277777776
50.4810763888889 8.96215277777776
50.4810763888889 10.9621527777778
52.4810763888889 10.9621527777778
59.4810763888889 10.9621527777778
50.4810763888889 12.9621527777778
55.4810763888889 12.9621527777778
56.4810763888889 12.9621527777778
52.4810763888889 16.9621527777778
-28.5189236111111 20.9621527777778
-25.5189236111111 26.9621527777778
-28.5189236111111 28.9621527777778
-26.5189236111111 28.9621527777778
-24.5189236111111 30.9621527777778
36.4810763888889 30.9621527777778
31.4810763888889 34.9621527777778
48.4810763888889 36.9621527777778
58.4810763888889 24.9621527777778
53.4810763888889 28.9621527777778
52.4810763888889 32.9621527777778
56.4810763888889 36.9621527777778
56.4810763888889 38.9621527777778
62.4810763888889 22.9621527777778
-46.5189236111111 48.9621527777778
-21.5189236111111 54.9621527777778
-27.5189236111111 58.9621527777778
-4.51892361111112 54.9621527777778
29.4810763888889 48.9621527777778
56.4810763888889 52.9621527777778
53.4810763888889 58.9621527777778
3.48107638888888 72.9621527777778
8.48107638888888 76.9621527777778
18.4810763888889 72.9621527777778
13.4810763888889 76.9621527777778
42.4810763888889 70.9621527777778
-59.5189236111111 82.9621527777778
36.4810763888889 82.9621527777778
56.4810763888889 92.9621527777778
-33.5189236111111 114.962152777778
-32.5189236111111 114.962152777778
-31.5189236111111 114.962152777778
-35.5189236111111 116.962152777778
-31.5189236111111 116.962152777778
-20.5189236111111 116.962152777778
-6.51892361111112 106.962152777778
14.4810763888889 100.962152777778
22.4810763888889 114.962152777778
-30.5189236111111 120.962152777778
-34.5189236111111 134.962152777778
-33.5189236111111 136.962152777778
-30.5189236111111 136.962152777778
-35.5189236111111 138.962152777778
-34.5189236111111 138.962152777778
-33.5189236111111 138.962152777778
-31.5189236111111 138.962152777778
-20.5189236111111 138.962152777778
-12.5189236111111 130.962152777778
14.4810763888889 120.962152777778
24.4810763888889 120.962152777778
31.4810763888889 120.962152777778
34.4810763888889 134.962152777778
34.4810763888889 136.962152777778
35.4810763888889 138.962152777778
36.4810763888889 138.962152777778
43.4810763888889 130.962152777778
50.4810763888889 136.962152777778
-43.5189236111111 146.962152777778
-42.5189236111111 146.962152777778
-41.5189236111111 146.962152777778
-37.5189236111111 140.962152777778
-37.5189236111111 142.962152777778
-35.5189236111111 142.962152777778
-34.5189236111111 142.962152777778
-38.5189236111111 144.962152777778
-37.5189236111111 144.962152777778
-38.5189236111111 146.962152777778
-36.5189236111111 146.962152777778
-35.5189236111111 146.962152777778
-36.5189236111111 148.962152777778
-35.5189236111111 148.962152777778
-34.5189236111111 148.962152777778
-34.5189236111111 150.962152777778
-33.5189236111111 150.962152777778
-32.5189236111111 150.962152777778
-27.5189236111111 150.962152777778
-23.5189236111111 150.962152777778
-29.5189236111111 152.962152777778
-27.5189236111111 152.962152777778
-19.5189236111111 146.962152777778
36.4810763888889 140.962152777778
39.4810763888889 140.962152777778
-45.5189236111111 170.962152777778
-43.5189236111111 170.962152777778
-43.5189236111111 172.962152777778
-40.5189236111111 174.962152777778
-39.5189236111111 174.962152777778
-38.5189236111111 174.962152777778
-37.5189236111111 176.962152777778
